%% Aquifer heights data
% Format: x y height
dat_pnt=[
   30.0000   29.0000   42.7310
   54.0000   82.0000   65.8130
  107.0000    4.0000   71.7690
  121.0000   94.0000  114.2280
   26.0000  123.0000   64.5650
   55.0000  183.0000   50.8670
   78.0000  127.0000  123.8530
  111.0000  207.0000   31.6940
  169.0000   33.0000   12.6620
  197.0000   66.0000  120.3010
  261.0000   42.0000   92.4130
  267.0000   90.0000  124.2310
  195.0000  133.0000  153.6970
  192.0000  154.0000  141.4550
  284.0000  124.0000   85.6080
  293.0000  191.0000   52.2050
  154.0000  109.0000  156.6470];

%% Aquifer orientation data
% Format: x y strike_vector_x strike_vector_y
grad_pnt=[
   30.0000  190.0000    5.0000   -3.9050
   54.0000  137.0000    5.0000   -1.4325
  107.0000  215.0000    5.0000   -1.5325
  121.0000  125.0000    5.0000   -3.3265
   26.0000   96.0000    5.0000   -0.5570
   55.0000   36.0000    5.0000   -3.3245
   78.0000   92.0000    5.0000   -4.4395
  111.0000   12.0000    5.0000   -3.4815
  169.0000  186.0000    5.0000    2.2015
  197.0000  153.0000    5.0000    2.1910
  261.0000  177.0000    5.0000    3.8255
  267.0000  129.0000    5.0000    2.8280
  195.0000   86.0000    5.0000    0.4245
  192.0000   65.0000    5.0000    2.9135
  284.0000   95.0000    5.0000    4.0740
  293.0000   28.0000    5.0000    1.6855
  154.0000  110.0000    0.0500   -0.0500];